156982473
748635129
239471586
627354918
593128647
814769352
471293865
365847291
982516734

257184693
183697452
649235817
875316249
321948576
496752381
562871934
734529168
918463725

397125684
821496573
654837219
518372946
439618752
276954831
945281367
183769425
762543198

321697845
679548312
485312769
298163457
537429681
146785293
913876524
852934176
764251938

654791238
813254679
279386514
965172483
348569127
721438965
182947356
437615892
596823741

135276948
864935127
927481365
713629584
458317692
296548713
689752431
542163879
371894256

528169473
176534982
943872651
769215834
415783296
832946715
691458327
254397168
387621549

364872519
295416783
178359246
856194372
432687195
917523468
621738954
789245631
543961827

783162594
296754381
514389762
129437856
647528913
358916247
961873425
875241639
432695178

723846159
615392478
849715632
378654921
194287365
256931847
561479283
487123596
932568714

327158946
619437582
548962713
186574329
432689157
975321468
764213895
851796234
293845671

589421736
462573819
731896254
893245671
617389542
245167983
126754398
954638127
378912465

658293417
741568923
932174568
385921746
167485239
429736851
274319685
893652174
516847392

153847629
948261537
762359814
275693481
814725396
639418752
526934178
481572963
397186245

321658947
784319265
956724138
549132786
672485319
813976524
195863472
438297651
267541893

834157296
521869473
697324158
165293784
783645921
249718365
478532619
312986547
956471832

496327815
815469327
237158496
721836954
943715682
658294731
179682543
384571269
562943178

523694871
974281365
816735249
185362794
237459186
469817523
698523417
341978652
752146938

372469815
981375624
654812793
567183942
298546371
143297568
725931486
836724159
419658237

387496152
294715683
615382749
548137926
932568471
176924538
851279364
769843215
423651897

684217539
297835416
531649287
725386194
346971852
819452763
152793648
473168925
968524371

524973186
813546927
967812345
231658794
759431862
648729531
385267419
172394658
496185273

594163782
263587419
871942365
489675231
315294876
627831594
942718653
736459128
158326947

431895672
296317584
758426193
917638425
523149867
864572319
382751946
675984231
149263758

139278564
278564913
564193782
681359247
793642851
425781396
942817635
316925478
857436129

236874591
815639247
497152386
964785132
523491768
781263954
342516879
179348625
658927413

691235748
574168239
328497561
946312857
237859416
815674392
182546973
753981624
469723185

132469785
548317692
679258314
894672153
751843269
326195478
917524836
485736921
263981547

918723654
234685917
657941382
463259871
529178436
781436295
142397568
896514723
375862149

879564312
621783954
543129687
496831275
712645893
385297461
958472136
267318549
134956728

963815742
142397568
587264193
621439857
378652419
495178236
219746385
736581924
854923671

524691387
316487592
798253641
157328469
639745218
842169735
273814956
961532874
485976123

765934281
241876359
893215746
314597862
672483195
589162437
126349578
457628913
938751624

769234185
345718269
281695347
972381456
453976812
618542973
136427598
524869731
897153624

853671924
621849735
497523861
534917682
289364157
716258349
162785493
345196278
978432516

693174582
158362479
274958163
965283714
312745896
847691235
529837641
731426958
486519327

627153849
483297615
519846732
768325491
951684273
342971586
174532968
296418357
835769124

461735982
279468351
583219674
628541793
715392468
394876215
832657149
156924837
947183526

187639254
326415897
594782631
431578962
769123548
258964713
675841329
842396175
913257486

458937162
697421385
123586947
934852671
875163429
261749538
746215893
589374216
312698754

531679842
497281653
286354179
823517964
179426385
654938721
745163298
918742536
362895417

497351286
685724193
132689457
971546328
528173649
346298715
764915832
853462971
219837564

327519468
185364972
469872153
593246817
641783529
278951346
714638295
936425781
852197634

274869351
835142976
916573482
123658749
589724613
467931825
352497168
641385297
798216534

243197586
951386724
786245319
835972461
412638975
679451832
194823657
327569148
568714293

857136294
623984715
491527863
182375649
964218537
375649128
219753486
538462971
746891352

715238496
623194785
948675132
587463219
432951867
169782543
851326974
296847351
374519628

253174968
749836215
186952743
495387621
371629854
862541379
914763582
537218496
628495137

967285413
518634297
423917685
874362951
651849732
239751846
392178564
746593128
185426379

241963587
879254361
635781249
168472935
457839126
392516874
526397418
783145692
914628753

568214739
137659482
294378516
326195847
489763251
715842963
942536178
873421695
651987324

187953462
532764918
469218753
921537846
843126597
675849231
254671389
396482175
718395624

938541276
756392481
214786359
125637894
873954162
469218537
682173945
397425618
541869723

912843675
486157392
357962418
541378926
728619534
639425187
194286753
273594861
865731249

916824375
582317694
437659812
341786529
795231468
628495731
253168947
179543286
864972153

194287356
735614829
826395174
682759413
417836295
359421687
568942731
973168542
241573968

756413928
193258476
284796513
519862347
342975681
678134259
927341865
861529734
435687192

193287645
576341892
248965371
619752483
384619257
725438169
951824736
862573914
437196528

154732986
923586471
678491352
547263198
289145763
316978524
465817239
892354617
731629845

326754918
749281356
815936274
673598142
482613597
591427683
158342769
264179835
937865421

835146972
264789135
791253846
948367251
376512489
512498763
427631598
183975624
659824317

821349756
675821493
349567218
514238967
287694531
936175824
193782645
752416389
468953172

971836452
538274691
426195378
654328719
782419536
319657824
893541267
267983145
145762983

273518496
146379582
985426173
439867215
728135649
651294837
892643751
567981324
314752968

398714652
752638419
614925387
927461835
865293174
431587296
146879523
573142968
289356741

824913567
765284391
139657284
547362819
381549726
296871435
653498172
412736958
978125643

489573261
712648953
536291487
247916835
653827149
198354726
821735694
364189572
975462318

974186325
251739648
368524971
195478236
482365719
637291584
746912853
813657492
529843167

152376489
487591632
639428517
915732846
843169725
276854391
568213974
724985163
391647258

983157462
415826793
267439185
132598647
894762531
576341829
649215378
721683954
358974216

427853196
591467823
683129754
379642518
245381967
168795342
852974631
734516289
916238475

478326915
623951784
951487632
896715423
714632859
235849176
162598347
547163298
389274561

548723169
719648325
623195847
864572913
251369478
397814652
185236794
472981536
936457281

951746238
784352169
326891475
843267591
615983724
297514683
179635842
532478916
468129357

865179342
321654798
479382615
142836957
537291864
986547231
253468179
714923586
698715423

279813645
413596287
658427931
342789156
987651324
561342798
725134869
836975412
194268573

673149258
891265374
254873169
729514836
516738492
438692715
385927641
142356987
967481523

821657934
396841725
457329168
563278419
279514683
184963257
918436572
742185396
635792841

593417826
641825379
782396415
467582931
135649287
829173654
978261543
314958762
256734198

276859413
935714286
481326579
612548397
798132645
543967128
327485961
169273854
854691732

456137289
387429615
192568374
638751492
941682537
275943168
513894726
824376951
769215843

345167289
719328645
862549317
471256938
283794561
596831724
654982173
138675492
927413856

568413729
194627538
327589164
715364892
683192475
249875316
951746283
832951647
476238951

746951238
251837469
839462715
623148957
914275386
578396124
392684571
187529643
465713892

143785692
925643817
876192453
618934725
492517386
357826149
284379561
531268974
769451238

924683571
531247968
678915324
745839612
286751439
193426857
817564293
469372185
352198746

675498231
894312765
321756489
739541628
146283597
258679143
412937856
583164972
967825314

214853679
965427318
387691524
829534167
671982453
453176892
132745986
796318245
548269731

432175986
768239541
195684237
354927618
629418753
817563492
586342179
971856324
243791865

934785261
512936784
687421593
391842675
726593148
458167932
269358417
875614329
143279856

456239718
219678534
387451269
942763851
875142396
163895427
628317945
794526183
531984672

293148567
847356912
651792834
782913645
435627198
169584723
326871459
574269381
918435276

916324875
823157469
754968312
641785923
598213746
372496581
467531298
139842657
285679134

692478153
174395286
583216479
469527318
851943627
327861594
915734862
246189735
738652941

134698572
265137984
879425631
396874125
748512396
521369847
982751463
453286719
617943258

287631945
953478621
146592378
472816593
815349267
639725814
391287456
768954132
524163789

295384167
748916352
613725489
452863971
376192548
981457236
837241695
169538724
524679813

689125743
321467859
574938621
463719285
918256437
257384196
892673514
146592378
735841962

753981246
248653179
691724853
869237415
172465938
435198627
916372584
527846391
384519762

683154927
152397486
749682153
814923675
975861234
326475819
598716342
231549768
467238591

186534279
324879651
957162438
872643915
413795862
569218743
645921387
231487596
798356124

671598234
842631759
935274618
364789125
258316497
197425386
523867941
416953872
789142563

378564912
129738654
564192783
845216379
236987145
917453826
483621597
751349268
692875431

463982751
751364892
892175463
125649378
978213645
634857219
349721586
516438927
287596134

718693524
632574981
594218763
471869352
853142679
926357148
147986235
369425817
285731496

618497235
425386197
397512468
142759386
736821954
859634712
581243679
273965841
964178523

827614593
931825467
546937182
398146725
472593816
615782349
283479651
764251938
159368274

513946782
786253491
249187365
364712859
197538624
825469173
472691538
631825947
958374216

746813952
195762843
823495761
952178436
471536289
368924517
517349628
234687195
689251374

264893751
719652843
853714296
397185624
421936587
586427139
932561478
178249365
645378912

429671358
781235469
356849712
632958174
897413526
514726893
273564981
945182637
168397245

214983567
756142389
389765241
193524876
827639415
645817932
578491623
431256798
962378154

756318294
821947563
943256187
365729418
174835926
289461375
497183652
638592741
512674839

791358462
285164397
364972851
628713549
573649128
419825736
132486975
957231684
846597213

125643798
643897521
879152463
237486159
418579632
596321874
761234985
982715346
354968217

412738596
865924173
397156248
139267854
578341629
246589731
951873462
784692315
623415987

274918356
915736842
836452719
592371468
467285931
183694527
728143695
649527183
351869274

532814967
986723451
741596823
193265748
468371592
275489136
829647315
654138279
317952684

876943512
319825476
425671893
648397125
732158964
951462738
264519387
187234659
593786241

859621374
164573829
237498165
986154732
572936481
341287956
613742598
725819643
498365217

738462159
195837264
462915873
851794326
324658917
679123548
986541732
543279681
217386495

378126495
921345876
654987132
542693781
186754923
793218564
419832657
837561249
265479318

258796134
479123685
613854729
724639851
591278463
836415297
987542316
342961578
165387942

283794165
647215389
915386247
596431728
132678594
478529613
751842936
324967851
869153472

597146823
234897651
681352974
849725136
756413298
123968547
475281369
312679485
968534712

416879523
528634917
397251846
285397164
641582739
739416258
953148672
172963485
864725391

487356192
265791384
193824756
941538267
352617849
678942513
829475631
736189425
514263978

763152489
495768321
218439567
359876214
871294635
624315978
182543796
947621853
536987142

712948653
639725418
854361729
576234981
398617245
241589367
467153892
123896574
985472136

957213486
826549173
341687925
489375261
732196548
615428397
264751839
593864712
178932654

741839256
269457138
853162749
692785413
184623975
537914862
975348621
426591387
318276594

348671529
769352841
125489637
814723956
592846173
637195482
453917268
271568394
986234715

529713864
873465192
164829357
731952648
652148973
948637215
485391726
217586439
396274581

492536178
875491326
316872495
953148762
781623954
624957813
568319247
147285639
239764581

675213984
894675123
321489567
736941258
159728436
482536719
513897642
267354891
948162375

296451387
475983126
813762495
184395762
932176548
657248931
729614853
561839274
348527619

637451298
918326745
245987316
179263854
523894167
864175932
351748629
482639571
796512483

587419362
219356874
463287951
721968543
658734129
934125786
375641298
842593617
196872435

529137486
378564912
614928573
493251867
167893245
852746139
986472351
231685794
745319628

867234195
425169378
913587624
359618742
281475963
746392581
198723456
674851239
532946817

653824791
798135642
421967538
987452316
246371859
315689427
562793184
834216975
179548263

193248756
528967431
746531289
315429678
279816543
684375192
837652914
961784325
452193867

348196527
279835164
615247389
863924715
421758936
597613842
152369478
734582691
986471253

421369587
678254193
953718642
536427819
749186325
182935764
267541938
894673251
315892476

892167345
765342819
431895762
954681273
627534981
318729456
149276538
573918624
286453197

428365791
317849562
956217843
645182379
831976254
279453186
592638417
764521938
183794625

638971452
172654938
945328167
369712584
521843679
487569321
713295846
254186793
896437215

524189763
796352184
183476592
278695431
459713628
361824975
615938247
847261359
932547816

291564738
843917652
657283419
426175983
519348267
738629145
185492376
974836521
362751894

731825964
659174823
428396715
247513698
963487152
815269437
396758241
174632589
582941376

932175846
817946253
654238179
371562984
495381762
268794315
123657498
589413627
746829531

932174865
457628913
186935472
279851346
618342597
345796128
794563281
823417659
561289734

953482176
781396245
246517389
164278593
539641728
827935614
492163857
375824961
618759432

231457896
576298143
984163527
318746259
645329781
792581634
857914362
463872915
129635478

392851647
741936258
685742913
513624789
964387521
827519364
139268475
476195832
258473196

571832946
692547381
483619572
726981435
154273698
839465127
945128763
267354819
318796254

284693517
631875924
957142368
569284173
813967245
742531896
375429681
496318752
128756439

196483752
485972136
372651498
839145627
647298513
251367849
924816375
718539264
563724981

615739428
248561739
379428156
561973284
432186597
897245613
926317845
183654972
754892361

291486735
584739162
736512489
165273894
842691573
379854621
953168247
627945318
418327956

239874516
574261839
816593274
321957648
465138792
798642153
642315987
183729465
957486321

854736219
369812475
172954836
798423561
416598723
235167984
683245197
947681352
521379648

512769438
968243517
437518629
824975361
796431852
153826974
389157246
641392785
275684193

812364579
376159248
549827361
421985637
793641825
685273914
134592786
258716493
967438152

298673514
546291738
371584296
127965483
439128657
685437921
853742169
762319845
914856372

264795831
379861254
581234796
452318679
837629145
916457328
128543967
695172483
743986512

572361849
614798532
398245167
267453981
149682375
853179624
436917258
925834716
781526493

764125983
932768154
158349267
527836419
416297835
389514726
245671398
873952641
691483572

698435127
134872659
527196348
479658213
265319874
813247965
781924536
356781492
942563781

416537928
987216543
523984176
648321759
235879614
791465832
159642387
872193465
364758291

298541763
764293158
351876429
687425931
532918647
419637285
945782316
873164592
126359874

958724316
326581479
714936258
462157893
875693142
139842567
543279681
687315924
291468735

175463298
463928517
928517364
241759683
357846921
689132745
736284159
812395476
594671832

269135748
158674239
437829165
716253894
842796351
395481672
571968423
924317586
683542917

847631952
153892647
269574831
426915378
935748126
718326495
591487263
684253719
372169584

574261983
612938574
839745261
921657348
783194652
456823197
348516729
195472836
267389415

821367549
475289631
639154782
246938175
957412368
318576294
164795823
582643917
793821456

374568219
621937458
589214376
295846137
136792584
847351962
453689721
718423695
962175843

462375891
718964235
593812476
984721563
235496718
671583924
146257389
857639142
329148657

685329147
971456823
342178596
594237618
713864259
826591734
458713962
167942385
239685471

842571963
731496528
596823714
985217346
267934185
413658279
154382697
629745831
378169452

243861759
817593264
659427381
481936527
572148693
936752148
168274935
394615872
725389416

827916534
349857261
165432987
253649718
486721395
971583426
698374152
514298673
732165849

693754218
451628793
278319546
385162479
742895361
916473852
867531924
524986137
139247685

893142576
247635198
651987342
138596724
475218639
926374815
514823967
789461253
362759481

957426831
261783495
384195672
872319546
639254718
145678329
493561287
528947163
716832954

498735126
235641879
617892543
381264795
926157438
574983612
153426987
842579361
769318254

295367184
643518972
781249635
954781326
128436597
367925418
412673859
536892741
879154263

472589631
518263497
369471285
641958372
723614859
985327164
294736518
156892743
837145926

948652137
716843952
325197684
163789245
257314896
489526371
672438519
534961728
891275463

645312879
917685243
382497561
163978452
879254316
254136987
531749628
496821735
728563194

597341682
248569137
631872459
864725913
153496728
972138546
419683275
325917864
786254391

569413872
387925614
412786953
973248165
621537498
854691327
735869241
146352789
298174536

136294578
894657132
275183694
321865947
457932861
968741325
519476283
642318759
783529416

253671948
687594132
149823567
725318496
814962753
396745281
432189675
978256314
561437829

348279615
217365948
956814327
632981754
785432196
194657283
561728439
879143562
423596871

139784265
827516934
564932178
498325617
375691482
612847359
243178596
986253741
751469823

659287134
184953267
327614859
416592783
532768491
798431625
873129546
245376918
961845372

783215496
462379158
951684732
294137685
318526974
675948213
849763521
526891347
137452869

396472815
142865973
857319462
284756139
675931248
913248657
521683794
769524381
438197526

186254379
723916458
945738216
218647935
594823761
637591842
871469523
462385197
359172684

679215834
482963517
531784269
145836972
326497185
798521346
854172693
213649758
967358421

589617234
362894715
471532698
647923581
293185476
158746329
826351947
935478162
714269853

152849637
683572194
974316582
346785219
895421763
217963458
438657921
529134876
761298345

416892753
593476821
287153469
374218596
651947238
928635147
135764982
849321675
762589314

263541987
598237146
174689325
689123754
457968213
321475698
916754832
842316579
735892461

415768923
936215847
278439165
692853714
157924386
384176592
529341678
761582439
843697251

791263458
653184279
482957361
517628934
324719685
869435712
945371826
176892543
238546197

746981532
531426798
982573164
394158627
167342985
258697413
623715849
415839276
879264351

569341827
823957164
174862935
382194756
491675283
657283491
236419578
748526319
915738642

561972384
982463751
437851962
728394516
154687239
693215847
275136498
846529173
319748625

326854791
875391642
149762358
791286534
264135879
538479216
417623985
653918427
982547163

157964238
289173456
364582917
831456729
975218643
642739581
523691874
798345162
416827395

145296738
237815496
689347521
796182354
513974862
428563917
351428679
974631285
862759143

936825417
845137926
721964583
369752841
258413769
417689352
574296138
683571294
192348675

834216759
659837214
712954863
948325671
271689435
563471982
396548127
185792346
427163598

142639857
938547612
576281439
623458791
495173268
781926543
257314986
364892175
819765324

321978546
785264391
649135287
872413965
416529738
953687124
234756819
167892453
598341672

256147389
174839265
398652471
821564937
735918642
469273158
917386524
642795813
583421796

138679524
462135978
975428631
317962485
859714362
246583719
784296153
693851247
521347896

215896743
683741259
479235168
826917435
197354682
354682917
968473521
532169874
741528396

523678491
671934852
849251736
785123649
214796385
936485217
162349578
357812964
498567123

327598146
495136827
816742359
659374281
182659734
743281965
531427698
268915473
974863512

584179632
697532148
123846597
461358729
372694851
958721364
236987415
845213976
719465283

879526413
314798562
652314789
785942136
241635978
936187245
198273654
523461897
467859321

146925783
375648291
892173456
728539614
953461827
461287539
619854372
534712968
287396145

184357962
926184537
735629184
248536719
619478325
573912648
891743256
362895471
457261893

815923764
697845132
342176589
928761345
563498271
471352698
239614857
756289413
184537926

371926458
249385671
568174923
794832165
126759834
853641297
487263519
615497382
932518746

682937451
735164982
149258763
917542836
863719524
524386197
498673215
256491378
371825649

396184572
452967813
718253469
165879234
947532681
283416957
621345798
874691325
539728146

721345689
348769125
569128743
483271596
615984237
297536814
136897452
872453961
954612378

596241378
328657914
174938526
839562147
247813659
615794832
961475283
783129465
452386791

687432591
354691278
921875364
543129687
769583412
812764953
296317845
135948726
478256139

327419685
654823179
981765342
168274953
279358461
435196728
792541836
513687294
846932517

146352978
795648231
832197546
328479615
469513782
571286394
953821467
614735829
287964153

796351284
821674935
453928761
519436872
267185349
348792516
675819423
934267158
182543697

271394685
369785124
548126397
126937548
935248716
784561932
897612453
612453879
453879261

641328795
795461382
832597614
469715823
187243569
253986471
316852947
524679138
978134256

987561243
523974168
146823579
658239714
714685932
239147685
861392457
495718326
372456891

632984175
981657423
745321986
563249718
417835692
298716354
159462837
326178549
874593261

781542369
965731428
423896571
379485216
542169837
618327945
854613792
197254683
236978154

719568324
463927815
825341967
136482759
584679231
297153648
371295486
658734192
942816573

538264917
412597683
976831245
185729364
247386591
369145728
851672439
693458172
724913856

291547386
764983512
835621497
327468951
158792634
946135728
572314869
683279145
419856273

573628419
814937625
269415738
198763254
352894167
647152893
435281976
981576342
726349581

739614528
568932417
214587396
396751284
825346179
147829635
671295843
982463751
453178962

517326498
496178325
283459716
124783569
835694172
769215843
678542931
942831657
351967284

194736582
582419763
736258149
248571936
615394278
973862451
851627394
427983615
369145827

369872541
582461739
174395628
736214895
825739416
491658372
653127984
918543267
247986153

753146289
142389567
689725143
514978632
367251498
298634715
875413926
921867354
436592871
5
935278416
748916523
621453897
569841732
874329165
312567948
257134689
486792351
193685274

532746198
897215463
614938572
268391754
451867239
379524816
186453927
943172685
725689341

632594718
154687932
987321465
819265347
346178259
275439186
721846593
463952871
598713624

459213687
317648295
826597134
763421958
542389716
198765423
971854362
235176849
684932571

138692475
965784213
274153698
597861342
621345789
483279156
812937564
356418927
749526831

836471925
197325468
524896731
361984572
279513846
458267319
983142657
715639284
642758193

256798143
784213956
139456872
462139785
875642319
391587624
628375491
517964238
943821567

826359174
915874362
734612598
169245837
357968241
248731956
573126489
492587613
681493725

736514928
814269735
925738146
679481253
582673419
143925687
298346571
461857392
357192864

648172539
537849126
921653784
476295318
895361247
213784695
762418953
189537462
354926871

395627184
816549237
427138965
284973516
763851492
159462378
932784651
648315729
571296843

478526139
519473628
236189547
324951876
695847213
187362954
861234795
953718462
742695381

649735128
732981456
851264379
386542791
927618534
415379682
198453267
263197845
574826913

567291834
239864571
481537962
674359128
153482796
928716453
395128647
716943285
842675319

972381456
638254179
514769823
785432691
341596287
269178534
127945368
853617942
496823715

695718324
738264195
124935786
461853972
379421658
852697413
246579831
517386249
983142567

251893467
469571832
873264591
145329678
698157243
732648159
324986715
517432986
986715324

743582169
596431827
182796354
971354286
625918743
834267915
317845692
258679431
469123578

624795381
387421956
915863742
261549837
739218564
548637219
152376498
493182675
876954123

392658741
157429863
648731952
719582634
435967218
286143597
924816375
573294186
861375429

512763984
863924571
749518263
958436127
627185349
134297658
281649735
495372816
376851492

518679432
934852761
672431985
791528346
465913827
283746519
157284693
349165278
826397154

694758312
823641759
751392486
375126948
146879523
289534671
568413297
937285164
412967835

681297453
753684219
294153876
945761382
836425197
172839564
427516938
569348721
318972645

471963852
658712934
923458671
835276149
169845327
247139586
716584293
594321768
382697415

143927685
256834179
897156342
724581963
538679421
961342857
679218534
382495716
415763298

637519248
824763915
915284736
248651379
769328154
153947862
572196483
386472591
491835627

953678421
267491835
814325796
582943617
436817952
179256384
391762548
628534179
745189263

283641759
417295368
965738241
356489172
129376584
874512693
691853427
548127936
732964815

258473691
341869275
769125834
697581342
523794186
184632957
975316428
812947563
436258719

153842769
298756341
674139528
749268135
825391674
316574982
932417856
467985213
581623497

762149853
538627914
491853267
253981746
146732598
987465321
624578139
815394672
379216485

261854397
745319628
938762415
394176852
876925143
512483976
127698534
653241789
489537261

916837245
842195736
537426918
259764183
681352479
374981562
465218397
723649851
198573624

517869243
892453167
436172958
165387429
283914576
974526831
321748695
659231784
748695312

465327819
921854736
387916245
719285463
834169572
652473198
548691327
293748651
176532984

143529876
825476913
967381425
239748651
571693248
684215397
312854769
496137582
758962134

459231678
173986425
268745319
982367541
741528963
635419782
894652137
317894256
526173894

742189365
598236174
163754298
816475932
479623581
235918647
927341856
351867429
684592713

934187265
578246319
126953847
792568134
645312978
813794652
489635721
261479583
357821496

357196482
894527136
612348957
579413628
246785319
183269745
468932571
721654893
935871264

189456732
576932418
234187569
845769321
792318645
361524897
623871954
957243186
418695273

639718425
745926813
218345769
126457398
387691254
954832176
573264981
891573642
462189537

964581273
125473869
873962451
712634985
586719342
349258716
437125698
291846537
658397124

796123854
532784169
418965723
387649215
954271638
621358947
165837492
849512376
273496581

274689135
693451872
158732964
982176453
547893216
316524789
469318527
825967341
731245698

348267915
592143786
716859432
671482359
283795641
954631278
467528193
829314567
135976824

976532148
813694527
452718369
281945673
364871952
597326481
745183296
638259714
129467835

321749586
468521973
975863142
132497658
654182739
789356421
596234817
813675294
247918365

521394786
486571239
793286415
362157894
958643172
174829563
837462951
219735648
645918327

936817245
751924683
482563791
598276314
214389567
673145829
367492158
145638972
829751436

263791584
158634792
749825316
931467825
472958163
586213947
314586279
827349651
695172438

768421359
534968127
921375648
375286914
149753862
682194573
453812796
217639485
896547231

863951472
475268193
219437568
187692354
356814927
942375681
731586249
594723816
628149735

712635498
386249517
549817326
421398765
938576241
657124839
164782953
275963184
893451672

187529643
342816597
596734218
614257389
723981456
958463721
461395872
279648135
835172964

612583749
597426138
438971526
261835974
349167285
875294361
756318492
123649857
984752613

265841397
398765142
471239685
624518739
953476218
817923456
139652874
546387921
782194563

764951832
389267514
125843796
537689241
916472385
842135679
671324958
293518467
458796123

834916527
792835416
651742938
975123684
286479351
413658792
169384275
327561849
548297163

368914257
129375486
475268319
291736845
534189672
786542931
657823194
812497563
943651728

795328614
682451739
431796258
927615843
318942576
546873192
164589327
273164985
859237461

567289431
892431576
413756289
721398654
349562817
685147392
958674123
234915768
176823945

314256987
896743152
725891364
247968513
631425798
589317426
968174235
452639871
173582649

563792481
894561273
127348596
946853712
312679845
758214639
479125368
685937124
231486957

285716934
369584712
174329568
936257481
451863297
827941356
642195873
513478629
798632145

723196458
541832697
689574213
836741925
954328761
172659834
395287146
268415379
417963582

624178359
735269814
891453627
958647231
413892765
267315948
176924583
582731496
349586172

658247139
473619285
129385647
345792816
967138524
281456793
832564971
716923458
594871362

849357612
615982347
237146985
976513428
351824769
482679153
594231876
168795234
723468591

791582436
435619827
862347951
346871592
257964318
918253674
129438765
674195283
583726149

681752439
392864751
574319682
837145926
219673845
456298317
925487163
143926578
768531294

972318546
435926817
168574923
641253789
527849361
893167452
254731698
719685234
386492175

263517849
854629713
197843652
582971364
976438125
341265978
428796531
635184297
719352486

267458931
319726458
548913726
431682579
826579143
795341682
672134895
153897264
984265317

198526734
254137869
637948251
819475326
462381975
375692148
926714583
583269417
741853692

467983251
238571964
951246837
315824796
674195328
892367145
149752683
583619472
726438519

981473625
265891473
347562918
812356794
693247581
574918362
136725849
759184236
428639157

823795461
467231958
519486372
391567824
682149537
745823619
954612783
136978245
278354196

246583197
183297456
957614832
319726548
428351769
675849213
861975324
532468971
794132685

941253867
276891345
538476129
764582931
892137456
153649278
625318794
487925613
319764582

193528764
862147395
754963821
348652179
925371648
671894532
516439287
289716453
437285916

298674135
561328749
743195862
486239517
152847396
937516284
379451628
625983471
814762953

267195483
359874216
841623759
586739142
914286375
732451698
495312867
628947531
173568924

167532948
328469517
459871236
531746892
796128453
842953671
673294185
915687324
284315769

593682174
271453869
468179235
352791486
984536712
617824953
739215648
145968327
826347591

853461927
962378154
417529683
691243578
245786319
738915462
574132896
126894735
389657241

365128749
128497653
947563812
451289367
239746185
876315294
792851436
584632971
613974528

758631294
439872615
612495783
271954836
894763521
563218479
127549368
346187952
985326147

691327854
482561793
573498261
914752638
836914572
257683419
328175946
749236185
165849327

874351629
692487153
153629487
429165378
587243916
361978245
716832594
938514762
245796831

845329176
792156834
163748592
978412365
354867219
621935487
589273641
217684953
436591728

173569428
496218573
258743169
649157832
317826954
825934617
581472396
962385741
734691285

249136875
583479126
716285349
637851294
152964783
894327561
925618437
361742958
478593612

517823946
629574381
843691275
361945827
758132694
492786513
175268439
984357162
236419758

184957263
762483591
359261784
971536842
628149357
435872916
596724138
213698475
847315629

895673124
623914587
471582963
354827691
769351842
182496375
246139758
918745236
537268419

413756289
287193456
695824173
571432698
368519742
942687315
129378564
856241937
734965821

379456812
254318769
186297345
891725436
623941587
547863291
435679128
912584673
768132954

643782915
875319246
192645837
361578429
724963581
958124763
417256398
236897154
589431672

321549678
746281539
598763412
687415293
912638745
435972861
254396187
869127354
173854926

674189352
528634197
193275468
451927836
936418725
287563914
365841279
749352681
812796543

917234658
836597124
254681379
579368412
421759836
368142795
782415963
193826547
645973281

236145897
197238546
845697312
372564981
519823764
684719253
423956178
751482639
968371425

123948567
695712348
784635921
516283794
239574816
847169253
462397185
351826479
978451632

863927451
254381976
197465328
971843562
682579134
345612897
738254619
429136785
516798243

497185326
638492157
125763849
976314285
842659713
351278964
263941578
789526431
514837692

328476915
647915238
915382647
756839421
491527386
832164579
584793162
163258794
279641853

956871423
128493765
437652981
692718534
873546192
514239876
265984317
781325649
349167258

971623548
536814297
842957316
264781953
715369482
398245761
629538174
487192635
153476829

385147296
246935187
971286354
618794523
793852641
524361978
167429835
859673412
432518769

192837654
467925381
385146297
531298746
748651923
926374518
854769132
613582479
279413865

463285719
185697423
792143658
936472185
218569347
574318962
847926531
659831274
321754896

623978451
581643297
497215683
769521348
154836729
238497165
916352874
875164932
342789516

253497618
769381254
841562379
435178926
918256437
627943185
194825763
386714592
572639841

613972458
789435261
524681379
257398146
391546827
468127935
832769514
146853792
975214683

823519746
459736218
167284935
685923174
314675892
972148563
741862359
296351487
538497621

275136489
396248517
184975623
467529138
521387964
938461752
812754396
753692841
649813275

286471953
431295786
795638241
362784519
148359672
579162438
927843165
814526397
653917824

278693514
953714682
614825397
142986753
539472861
867351429
785239146
396148275
421567938

132854769
645179823
879236415
426987351
781325946
953461287
317642598
268593174
594718632

789265413
213894567
654173982
398526741
175438629
426917358
837651294
542389176
961742835

145276389
298315746
736894251
863421975
924753168
571968432
359187624
617542893
482639517

716923845
529648317
834751962
691837254
485269731
372415698
947586123
263174589
158392476

895742631
762351948
143698527
359826714
214975863
678413295
537264189
421589376
986137452

735846291
162795483
948132576
693587142
274319658
851624739
519463827
387251964
426978315

143876592
285419376
967235418
624183759
718592634
359647821
876951243
431728965
592364187

278461395
615239478
943578126
589146732
762983541
431725689
394652817
826317954
157894263

789324156
254961738
136875429
548713692
621549873
973682541
865297314
497136285
312458967

362148579
485739612
971265348
627813495
538492167
194576283
859624731
743951826
216387954

967852134
528143697
143679285
891534726
475926318
632781459
356418972
719265843
284397561

721469583
384157692
695382147
856741329
973625814
412893756
238574961
547916238
169238475

217396458
964785312
385214796
748621935
531978264
629453871
876132549
153849627
492567183

542816739
937542168
186379245
215938674
468721953
793654812
824163597
659487321
371295486

142853976
865197234
379642581
687514329
521938467
493726815
754281693
918365742
236479158

962413587
857269143
431578926
326195478
578324691
194687235
245836719
713952864
689741352

982476315
657831942
341529678
573612894
829354761
164987253
715268439
438795126
296143587

928314756
361785294
457692138
689173425
275468319
143529687
816937542
532846971
794251863

941657238
625983714
873241695
152764983
738592461
496318527
519876342
287439156
364125879

174239568
639758214
528641739
812463975
345897621
967125843
256914387
483572196
791386452

973812465
624357198
815649273
461578329
352196784
798234651
237981546
586423917
149765832

546873291
327591468
198624357
961485732
285137946
734269185
612348579
873952614
459716823

649382157
387915426
521674983
816527394
932846571
754193862
175468239
298731645
463259718

625374891
739681425
841529376
168432957
572896143
394157682
483765219
917243568
256918734

945627183
261938754
783451296
457293861
129864375
836175429
612389547
594712638
378546912

142637598
785921643
639845217
418293756
927456381
563718924
874569132
291374865
356182479

961754283
823916547
745832691
172598436
398641752
654327819
237185964
516479328
489263175

943627815
612548973
857913624
195732486
234186759
768459231
521864397
376295148
489371562

459632187
213487659
687195423
934521876
821376594
576849312
142768935
765913248
398254761

367895124
829164573
514723896
492378615
756941382
183652947
248516739
935487261
671239458

517894632
296135748
843762519
971546283
385217964
624389157
758623491
432951876
169478325

654273918
873691254
291485673
426158397
719326845
385947126
132764589
567819432
948532761

462937185
783615492
195284673
326871549
857492361
914563728
631729854
579148236
248356917

623815749
748239516
915764238
894126357
267953481
531478962
182347695
359682174
476591823

297834165
684751392
531269847
852493716
769512438
143678529
915386274
476125983
328947651

542318967
163579284
978462153
725831496
419625378
386947512
654183729
897254631
231796845

754861239
629753814
813492756
492136587
168574923
375289641
286317495
941625378
537948162

869217345
743569128
125438697
638791254
274356981
591842736
312685479
987124563
456973812

659182743
743596128
218374596
982415367
164237859
375968412
437621985
596843271
821759634

875243916
394816725
621597843
256481397
149375682
738962154
963154278
512738469
487629531

987365241
345172689
621498753
892743516
514629378
763581492
279834165
136957824
458216937

824539716
691287534
735641829
516478392
378912465
942365178
487196253
263754981
159823647

574813962
693254871
812697453
765981324
248376195
139425786
387542619
451769238
926138547

164325798
289471653
357698412
571249386
426583179
938716245
743952861
892167534
615834927

872936154
964815732
531742986
159284673
247163895
683579241
318427569
425698317
796351428

354921687
987436215
126758439
415879326
762513894
839264571
648397152
571682943
293145768

931684752
584217963
726359418
692843571
158972346
473561289
849125637
215736894
367498125

483569172
917284365
265137849
149875623
652413987
378926514
726351498
834692751
591748236

687294531
914653287
352718469
839145672
745962813
261387954
426571398
193826745
578439126

751843629
932576841
486129537
614738952
295614378
873952164
147385296
568297413
329461785

921743865
548612937
736958124
619274583
487135296
352869741
264587319
873491652
195326478

236581479
875942631
419736852
357428196
194365287
628179543
742813965
981657324
563294718

241879536
936452817
587136249
618295473
493687152
725341698
872914365
354768921
169523784

418397265
297658143
653241798
389725416
172864539
546139827
825916374
934572681
761483952

946172385
528349617
731586294
472861953
859237146
613495728
165724839
287953461
394618572

132678954
694521837
875394126
358147269
467952318
921836475
516289743
783415692
249763581

243876951
951243867
876195243
394528176
162437589
785961324
629384715
537612498
418759632

647815923
152439876
839267541
516743298
298651734
473982615
781396452
324578169
965124387

248356791
716289534
593471826
172564983
869723415
435918267
321847659
984635172
657192348

315268749
896734215
247159683
982413567
754896132
631527894
563971428
429685371
178342956

639827451
715964832
482153976
874612593
263795148
951348267
347581629
126439785
598276314

357426189
964581237
821973546
716358924
483297615
592614873
149835762
238769451
675142398

294835617
368791452
751642983
829367541
675419328
143528796
586174239
432986175
917253864

238761459
749253681
561489237
653812974
817934526
492576813
324195768
185647392
976328145

136572489
472389156
985416273
258631794
349257618
761948325
893724561
517863942
624195837

594371826
731826594
826459137
673548219
149632758
258917463
962785341
317264985
485193672

398541762
517326849
462879351
621938574
945617283
783452916
274195638
156283497
839764125

249865317
587193624
613724985
932548176
476219538
158376492
791652843
325481769
864937251

264915837
918763254
537482691
671538429
459627318
823194576
396851742
145276983
782349165

182467593
536198724
749523186
421379865
967845312
358216947
613782459
895634271
274951638

381249567
659387241
472156839
794831652
825764193
163592784
238915476
547623918
916478325

817369452
492758361
536142897
345297186
689431275
721685943
953826714
164973528
278514639

385496712
261783945
974521638
826934571
137658429
459217386
598342167
742165893
613879254

619237485
235148796
487956213
521493867
968715342
743682951
356829174
874361529
192574638

125938746
396427185
478651293
957864312
831592467
264173958
582719634
613245879
749386521

527981436
481623975
369547821
834176259
156298347
972354168
695832714
713469582
248715693

978245631
643891527
251673489
317584962
429167853
865329174
736918245
184752396
592436718

168735294
594286317
723419865
645128973
932574681
817693452
376852149
281947536
459361728

321497685
756328914
984615372
193872456
862954731
475136298
649781523
538269147
217543869

587439612
496721358
231658947
875942136
619583274
342176895
958217463
124365789
763894521

923146785
857329164
641875932
472658319
368912457
519734826
235491678
784263591
196587243

196754238
375812469
842936157
261485973
739261845
584379621
427598316
658143792
913627584

982516743
475238169
631479528
729843615
364125897
158967234
516794382
893652471
247381956

768925143
345671928
291438756
659714832
124389675
873256491
417563289
582197364
936842517

184965273
329714658
756823491
631548729
948271536
572639814
867392145
495187362
213456987

463958127
952147386
817263594
186724935
249385671
375619248
631472859
798536412
524891763

425687139
913254687
768391425
857162394
694538271
231749568
572913846
149826753
386475912

945821673
713956824
862473951
276514389
458397162
139682745
527169438
381745296
694238517

341982567
689375124
752641389
415823976
273496851
968157243
524719638
896234715
137568492

472635189
319782456
568941723
743596218
286314975
195278364
634157892
927863541
851429637

312468759
687259143
954713682
536124978
479835261
821976534
795381426
248697315
163542897

921758346
845639217
736412985
197345862
264871539
358296174
489127653
513964728
672583491

548623197
671954832
329781645
453197286
816542973
792836451
287319564
165478329
934265718

357164982
168392457
249875316
814627593
926538741
735419268
581243679
692751834
473986125

629573814
157824936
348619527
795346182
261987345
483152679
976238451
814795263
532461798

698371452
147285639
532469781
419638275
375912864
826547913
964853127
251796348
783124596

842731965
375296418
169584372
483917256
796452183
521863794
954128637
238679541
617345829

736241985
182359476
594876132
267913548
418625793
953487621
845762319
679138254
321594867

832761459
149835267
657924381
394586712
561273948
728149536
983657124
416392875
275418693

259381647
168247935
473659812
726138594
945762183
831594726
694825371
512973468
387416259

468731925
712985346
395642178
956418237
824376519
137529684
289164753
543297861
671853492

691528473
872394615
435167829
364852197
958716234
217943568
149235786
583671942
726489351

423781695
197256843
865934127
981645732
736829514
254173968
672498351
549317286
318562479

473928165
695137482
281465739
934756218
728391654
156842973
312684597
569273841
847519326

398647152
651289473
742135986
539714268
217968534
864523719
425376891
983451627
176892345

792456831
534178692
168932457
956283174
817564923
243719586
321845769
489627315
675391248

384657921
219384675
756129843
425893167
671542398
938716452
547938216
862471539
193265784

851462973
436978152
792153864
174536298
985214736
623897541
548329617
217645389
369781425

149563827
768412539
523897146
495176283
271938654
386254971
954781362
617325498
832649715

185693247
627154389
934278156
856417923
319582764
742936518
498325671
563741892
271869435

498167235
213945678
765382491
641278953
589413762
372596184
137654829
926831547
854729316

278439156
635178429
194256873
981365742
743982615
562714398
456891237
827543961
319627584

857341296
169872534
432695718
526489371
318567429
974213685
643928157
291754863
785136942

537628491
614973258
289154376
178495632
346782915
925361784
792516843
461839527
853247169

976321548
138546279
425897631
764958312
583214967
291673485
819462753
342785196
657139824

376421895
125698473
948357126
491576382
687243519
532189647
263914758
754862931
819735264

453826197
892571634
167493528
714952863
586137249
329684751
935218476
671345982
248769315

942718563
786593142
351462897
467931258
519824376
238675914
175386429
894257631
623149785

738461592
691532784
245987361
452179836
389246175
167853429
813694257
974325618
526718943

629531748
485967132
173248956
532176894
794825613
816493275
357612489
968754321
241389567

315672948
678394251
429518736
954187623
862453197
137269584
796845312
281936475
543721869

958276134
461938257
732145968
895423716
647581329
123769485
216894573
374652891
589317642

318642759
249357861
765981342
987516234
651423987
423798516
534269178
172834695
896175423

716893425
248156379
359742168
695231847
874965231
132487956
967328514
421579683
583614792

871542963
954163287
623897514
198734652
542986731
367215849
715328496
236459178
489671325

568423179
912758346
743196582
895632714
231574968
674981235
189345627
456217893
327869451

452769183
869153724
173284659
798326415
324591876
516847392
245678931
637912548
981435267

796243158
154968327
283571694
562817439
871394265
439625781
615482973
327159846
948736512

387652149
619834257
542971386
265719834
974328615
138546972
456193728
791285463
823467591

682479531
395618274
714523986
876254319
153896427
429137865
948762153
261345798
537981642

364952718
798163452
251784693
579248361
683571249
412396587
826439175
145827936
937615824

624859713
359217486
718643952
235164897
981375264
467928135
146582379
873496521
592731648

968157324
234986715
715342689
397825146
526491873
481673952
872569431
159734268
643218597

143875269
896142375
572639184
759481623
218396547
634257918
927568431
381924756
465713892

817265394
946713528
532984716
389472165
165398472
274651839
653149287
728536941
491827653

479618235
823975416
516432987
745291368
261583794
398746521
134827659
687359142
952164873

961857342
528934716
473612589
195326874
734198265
286745931
357261498
649583127
812479653

617582349
493716528
528394761
769138254
285469137
341275896
976823415
152647983
834951672

514986273
397214586
268375941
852697314
749831652
136452798
471563829
685129437
923748165

698743251
543821796
271965348
985276134
136458927
724319685
452137869
867592413
319684572

623591748
841276935
597438216
254689371
786123594
139745862
475362189
962817453
318954627

263149758
591872463
487563912
649325871
312798645
875614239
734981526
956237184
128456397

135698274
268741539
947253618
459382761
721569843
683174952
374925186
512836497
896417325

279581346
134692578
658743219
367859124
542136987
981274635
793415862
816927453
425368791

528619734
174853962
963247581
317482695
482965317
695731428
836524179
751398246
249176853

813564972
964782531
257319648
125836794
398471265
476295813
741628359
532947186
689153427